%YAML:1.0
---
mtx: !!opencv-matrix
   rows: 3
   cols: 3
   dt: d
   data: [ 1.1938329724631581e+03, 0., 9.1113749148684940e+02, 0.,
       1.1942979859784425e+03, 4.8441017158228789e+02, 0., 0., 1. ]
dists: !!opencv-matrix
   rows: 1
   cols: 5
   dt: d
   data: [ -3.2638794029393303e-01, 1.8477665392399528e-01,
       -1.6741023829925926e-04, 1.0310081110141852e-03,
       -1.3044108447237335e-01 ]
